(13320,1138)
(2609,1258)
(12639,1493)
(2116,1632)
(4727,1710)
(17218,1711)
(16280,2726)
(15911,3131)
(7625,3393)
(13275,3402)
(11478,3535)
(9847,4124)
(6617,4398)
(2230,4869)
(9636,4893)
(16837,4935)
(17160,5036)
(5793,5154)
(13175,5176)
(11092,5393)
(17271,5573)
(14667,5738)
(5032,5917)
(10452,6031)
(8729,6399)
(10213,6732)
(776,7178)
(12556,7247)
(8016,7410)
(12261,7599)
(12860,8121)
(11685,8414)
(9696,8691)
(5274,10093)
(2987,10108)
(6872,10256)
(4582,10363)
(3128,10415)
(16627,10474)
(12228,10932)
(1862,11868)
(9357,12051)
(14556,12622)
(5959,12631)
(1129,12664)
(1208,12696)
(7898,12948)
(2579,13010)
(5998,13040)
(8468,13062)
(16398,13132)
(11425,13334)
(1196,13593)
(14281,14140)
(85,14462)
(1931,14493)
(17879,15010)
(18403,15082)
(9977,15114)
(4551,15289)
(10930,15487)
(14841,15539)
(19847,15667)
(1519,15778)
(12769,15870)
(2203,15948)
(7168,16258)
(9092,16329)
(16119,16404)
(2145,16996)
(8248,17008)
(16472,17155)
(18326,17552)
(4790,17667)
(2975,18014)
(8677,18459)
(3100,18647)
(4068,18832)
(5659,18998)
(481,19338)
(15382,19572)
(14409,19889)
(2443,20214)
(15877,20260)
(449,20437)
(15449,20958)
(13678,20992)
(12956,21874)
(5286,22055)
(4500,22484)
(3288,22709)
(11867,22770)
(10914,23125)
(5034,23404)
(14426,23622)
(6988,23694)
(10663,23725)
(3905,23949)
(8627,23967)
(3699,24126)
(4580,24740)
(16857,24865)
(18944,25051)
(10766,25389)
(19852,26003)
(11278,26108)
(13118,27569)
(10121,27775)
(1687,27781)
(7264,27847)
(4046,28268)
(16540,28381)
(12140,28501)
(10753,28642)
(11056,28746)
(6861,29033)
(15354,29368)
(11860,29403)
(16302,29758)
(7756,30360)
(17660,30793)
(452,30808)
(10083,31020)
(365,31307)
(8175,31894)
(5864,32064)
(2314,32799)
(10383,32981)
(3555,32992)
(17914,33157)
(14332,33209)
(6421,33417)
(12269,33653)
(5844,33698)
(12635,33815)
(15538,33823)
(10733,33992)
(15202,34432)
(2041,34470)
(8454,34851)
(9760,34899)
(11436,35257)
(15005,35345)
(18022,36550)
(3999,36616)
(16858,36821)
(5591,36946)
(12188,37013)
(7416,37236)
(18626,37388)
(6413,37529)
(11642,37542)
(7738,37808)
(7328,37844)
(758,38030)
(3243,38409)
(1268,38506)
(5227,38542)
(13959,38841)
(18717,38941)
(9579,39243)
(2932,39711)
(11137,39840)
(7517,39886)
(14187,39933)
(16872,39966)
(2689,40023)
(14283,40137)
(11290,40233)
(16599,40302)
(19255,40440)
(11534,40641)
(5243,40649)
(13204,40740)
(4125,40922)
(8116,41767)
(10050,41816)
(18272,41878)
(16644,41957)
(5503,42606)
(4834,42633)
(10812,43095)
(19854,43177)
(18933,43226)
(10744,43251)
(5105,43266)
(6568,43307)
(8325,43462)
(19769,43485)
(8796,43623)
(1598,43668)
(10131,43764)
(11019,44679)
(14785,44684)
(3579,44768)
(5157,45327)
(5783,45467)
(8808,45523)
(9044,45782)
(11658,45847)
(4915,45913)
(9651,46093)
(5914,46689)
(17626,46928)
(1775,46965)
(2732,47945)
(16482,47968)
(1543,48180)
(3379,48436)
(11108,48643)
(11038,48745)
(7587,48770)
(2455,48807)
(11901,49034)
(8332,49237)
(12758,49304)
(5847,49390)
(14513,49533)
(10660,49908)
(9363,49918)
(8589,50153)
(3309,50582)
(7615,50677)
(7387,50797)
(7213,50970)
(8316,51060)
(16340,51293)
(8564,51385)
(15063,51451)
(2912,51489)
(1086,51503)
(898,51542)
(12861,51662)
(15004,51817)
(12920,51840)
(5777,51968)
(17662,52004)
(7152,52319)
(17216,52413)
(6930,52615)
(5991,52664)
(12136,52690)
(2279,52738)
(879,52803)
(6750,52948)
(16222,53123)
(1665,53369)
(14673,53370)
(13502,53524)
(13702,53554)
(16309,53647)
(10120,53791)
(4480,53864)
(19739,53969)
(12585,54207)
(6345,54503)
(7202,54691)
(7322,54806)
(2999,54932)
(5579,55657)
(9113,55735)
(15745,56019)
(12652,56182)
(18948,56249)
(8071,56272)
(12503,56417)
(9380,56548)
(19577,56553)
(13291,56785)
(1793,57021)
(16043,57239)
(13316,57366)
(4219,57417)
(15405,57676)
(11353,57824)
(14166,57953)
(11910,58201)
(9837,58220)
(4812,58313)
(18113,58349)
(12682,58368)
(13575,58427)
(17117,58432)
(19865,58663)
(15855,58744)
(16120,58755)
(19752,58823)
(15194,58919)
(6733,59012)
(10672,59084)
(17082,59139)
(6212,60460)
(5210,60526)
(19053,60551)
(1798,60613)
(2714,60957)
(6509,61013)
(980,61051)
(924,61076)
(13313,61333)
(15337,61350)
(19490,61595)
(10176,61914)
(7103,61971)
(12923,62089)
(15708,62263)
(17259,62532)
(3451,62577)
(4233,62623)
(5769,62847)
(13563,62908)
(14300,63225)
(4678,63425)
(2429,63699)
(16082,63766)
(6512,63795)
(6068,63906)
(17498,63919)
(16474,64316)
(6002,64474)
(17606,64479)
(13268,64487)
(11314,64584)
(18233,64650)
(14801,64659)
(1151,64803)
(6653,64901)
(14127,65060)
(15618,65114)
(983,65282)
(6534,65469)
(8925,65476)
(4885,65712)
(1193,65720)
(2355,66002)
(14829,66085)
(756,66120)
(2484,66168)
(7285,66266)
(11669,66317)
(18558,66321)
(15091,66369)
(2419,66427)
(7009,66546)
(9715,66643)
(10828,67160)
(7570,67434)
(10082,67494)
(8104,67618)
(11522,68566)
(4856,68624)
(15655,69226)
(16204,69591)
(143,69679)
(12666,69804)
(1974,69826)
(1085,69879)
(15269,70452)
(338,70458)
(18992,70491)
(3074,70501)
(7089,70578)
(14457,70818)
(14403,70834)
(15451,70971)
(9124,71137)
(11729,71408)
(9109,71484)
(6608,71614)
(139,71664)
(17859,71703)
(3321,72077)
(15325,72203)
(16638,72214)
(8125,72289)
(19167,72377)
(8906,72687)
(11762,72898)
(3033,73205)
(16617,73222)
(8550,73236)
(15854,73240)
(18844,73369)
(18438,73485)
(6918,73545)
(4750,73606)
(7532,73615)
(7077,73738)
(443,73773)
(12740,73774)
(5131,73861)
(4168,73894)
(16098,73930)
(9914,74151)
(9390,74235)
(4647,74493)
(18492,74683)
(9812,74707)
(4462,75021)
(13127,75150)
(8843,75160)
(10005,75370)
(6860,75601)
(12308,75637)
(10017,75720)
(16860,75966)
(18289,76247)
(15414,76553)
(17520,76963)
(9114,77080)
(7996,77132)
(16199,77579)
(9616,77662)
(5825,77725)
(7466,77886)
(18652,77993)
(2214,78094)
(1032,78112)
(19638,78146)
(279,78321)
(176,78357)
(15667,78365)
(12442,78419)
(5321,78576)
(265,78674)
(5718,79150)
(1647,79573)
(12587,79682)
(3032,79798)
(14929,79832)
(6969,79854)
(19218,80062)
(13157,80107)
(554,80159)
(6109,80348)
(14843,80555)
(10101,80932)
(12613,81367)
(10641,81518)
(15348,81711)
(3125,81986)
(929,82071)
(7507,82145)
(12713,82208)
(10956,82327)
(3140,82491)
(17889,82752)
(3521,82768)
(12465,82773)
(528,82905)
(7858,83131)
(14458,83185)
(15478,83339)
(18024,83381)
(11012,83505)
(7794,83606)
(4398,83621)
(17344,83782)
(4230,83969)
(6220,83996)
(14313,84006)
(19770,84019)
(17241,84408)
(18375,84621)
(11984,84631)
(13257,84665)
(2835,84697)
(12744,84748)
(14226,84774)
(2901,85307)
(13380,85329)
(5298,85408)
(9531,85793)
(10007,85939)
(11105,85972)
(2195,85980)
(15397,86062)
(8146,86075)
(18598,86186)
(1618,86362)
(12393,86370)
(15462,86422)
(7851,86553)
(15364,86751)
(6166,86826)
(11942,86896)
(1867,86966)
(13323,86972)
(10039,87207)
(4873,87347)
(178,87480)
(6370,87576)
(10793,87654)
(13394,87746)
(346,87867)
(12287,87946)
(14609,88186)
(19853,88215)
(7143,88224)
(15640,88344)
(13374,88482)
(11602,88786)
(3359,88831)
(15693,88861)
(1354,88896)
(3831,89151)
(19013,89311)
(16636,89372)
(16258,89514)
(17860,89668)
(9687,90200)
(11595,90539)
(3324,90573)
(2323,90727)
(14171,90750)
(1063,90758)
(4216,90960)
(17169,90985)
(2798,91033)
(17647,91041)
(15074,91062)
(16437,91066)
(1056,91243)
(13325,91339)
(4564,91503)
(59,91543)
(9012,91901)
(15086,91911)
(16465,92049)
(14429,92100)
(2656,92146)
(18442,92206)
(12911,92278)
(13387,92462)
(2168,92532)
(13671,92692)
(3611,92954)
(16259,93064)
(11433,93221)
(13851,93335)
(12795,93338)
(5622,93345)
(4110,93470)
(5809,93536)
(7922,93547)
(7057,93674)
(8242,93719)
(10097,93921)
(1428,93949)
(19591,93974)
(5552,94103)
(2347,94245)
(8390,94315)
(12170,94367)
(17526,94394)
(18981,94785)
(4036,94815)
(9242,94844)
(13764,94855)
(14695,94896)
(5475,94951)
(7402,94973)
(13909,94982)
(9178,95180)
(13001,95228)
(8473,95253)
(15356,95301)
(9515,95468)
(5019,95483)
(19833,95565)
(5296,95790)
(12458,95842)
(6200,95921)
(4997,95941)
(160,95960)
(2754,95968)
(16610,96196)
(11337,96241)
(16596,96248)
(15248,96382)
(2258,96432)
(2081,96554)
(5301,96587)
(7028,96642)
(3692,96663)
(12940,96946)
(13363,96994)
(1664,97002)
(18350,97098)
(19656,97171)
(941,97478)
(11583,97572)
(5522,97589)
(3014,97723)
(10255,97768)
(11875,97779)
(16605,97830)
(19296,97833)
(74,97947)
(10088,97953)
(5615,97967)
(7248,98081)
(15301,98102)
(566,98211)
(6691,98271)
(6887,98287)
(19594,98318)
(6634,98403)
(5537,98446)
(7023,98460)
(19549,98464)
(12208,98523)
(6325,98561)
(7108,98661)
(15464,98693)
(6191,98710)
(14022,98849)
(13504,98886)
(9742,98900)
(9976,98951)
(4771,98994)
(6198,99020)
(18167,99092)
(4560,99157)
(17052,99407)
(13729,99409)
(10989,99428)
(16385,99614)
(16483,99674)
(11451,99695)
(18982,99921)
(3207,99932)
(18354,99962)
(7184,99972)
(802,99980)
(13549,100167)
(16455,100259)
(4165,100459)
(976,100478)
(5790,100521)
(13188,100552)
(12295,100658)
(12220,100700)
(11381,100759)
(16902,100961)
(2560,100995)
(1310,101005)
(7303,101029)
(8682,101071)
(1294,101210)
(14149,101342)
(13224,101393)
(15128,101395)
(9095,101426)
(1676,101519)
(13651,101538)
(7661,101635)
(1785,101654)
(3989,101676)
(10003,101695)
(15907,101708)
(1499,101743)
(11355,101753)
(13300,101838)
(5731,101999)
(18416,102017)
(10499,102030)
(8045,102064)
(3312,102113)
(5949,102173)
(12914,102180)
(17574,102269)
(6324,102371)
(8515,102461)
(3586,102489)
(9276,102516)
(7142,102619)
(3745,102653)
(2256,102668)
(1206,102766)
(15549,102792)
(604,102814)
(10221,102844)
(13252,102875)
(4380,102913)
(15345,102917)
(3373,102924)
(9068,102965)
(10554,103136)
(5174,103178)
(14963,103231)
(9195,103364)
(3717,103429)
(6250,103451)
(10338,103471)
(11220,103556)
(5093,103643)
(15569,103666)
(12306,103672)
(4524,103742)
(13569,103886)
(7377,103897)
(15792,103902)
(9504,103909)
(1408,104051)
(16634,104136)
(3269,104191)
(8518,104285)
(9411,104314)
(17045,104517)
(688,104645)
(7211,104747)
(12008,104792)
(4706,104804)
(18487,104838)
(15444,104853)
(8634,104863)
(5186,104910)
(3520,104925)
(11720,104936)
(10320,105011)
(11616,105086)
(8845,105134)
(17457,105178)
(1996,105206)
(8811,105252)
(13455,105272)
(19848,105324)
(11071,105517)
(4684,105532)
(4552,105665)
(19720,105810)
(643,105825)
(2222,105903)
(2223,105926)
(6655,105943)
(9601,105955)
(5696,105986)
(13430,106033)
(12627,106133)
(16240,106199)
(17567,106207)
(15096,106231)
(6498,106232)
(6386,106279)
(8738,106392)
(17444,106407)
(5271,106416)
(19923,106521)
(15700,106577)
(1879,106663)
(15597,106698)
(7782,106736)
(1728,106895)
(18864,106918)
(16421,106932)
(9240,106978)
(11123,107073)
(4427,107144)
(16913,107222)
(17178,107225)
(4243,107234)
(7952,107349)
(5625,107467)
(4780,107522)
(19561,107579)
(8005,107623)
(2743,107677)
(13917,107691)
(17665,107742)
(17730,107749)
(17279,107754)
(6856,107758)
(13402,107791)
(11125,107804)
(2383,107904)
(11977,107958)
(10492,107992)
(15424,108146)
(1967,108154)
(1159,108189)
(19723,108190)
(4336,108221)
(8433,108227)
(19893,108229)
(1760,108261)
(4348,108288)
(18872,108290)
(9666,108370)
(16073,108495)
(5329,108585)
(7255,108644)
(4563,108730)
(15481,108797)
(4385,108831)
(15488,108870)
(5738,108875)
(3851,108912)
(15637,108936)
(15455,108985)
(9659,109043)
(9130,109076)
(6152,109078)
(2392,109161)
(228,109172)
(13841,109221)
(15744,109225)
(7109,109234)
(1684,109262)
(18219,109348)
(19871,109387)
(12724,109396)
(7250,109434)
(12675,109455)
(10035,109475)
(17303,109487)
(8436,109518)
(3519,109526)
(2326,109543)
(2194,109552)
(10016,109553)
(18674,109569)
(10350,109600)
(15529,109707)
(316,109723)
(7809,109766)
(762,109812)
(14078,109871)
(14151,109918)
(5349,109947)
(5727,109954)
(6147,109959)
(7928,110009)
(1459,110012)
(18638,110060)
(7239,110079)
(11957,110082)
(13109,110252)
(12248,110257)
(19059,110333)
(1432,110418)
(10606,110420)
(11644,110441)
(1285,110465)
(16206,110482)
(5144,110620)
(7690,110653)
(8422,110672)
(10455,110673)
(945,110691)
(17354,110741)
(3513,110763)
(15819,110803)
(10692,110823)
(15821,110830)
(1209,110869)
(17335,110896)
(3248,110904)
(14432,110907)
(13213,110931)
(5737,110973)
(1466,110987)
(16665,110991)
(11115,111029)
(13941,111034)
(4317,111035)
(16347,111069)
(1470,111094)
(8251,111161)
(13571,111165)
(11574,111166)
(12631,111171)
(14860,111203)
(14645,111210)
(7775,111219)
(3023,111229)
(19089,111235)
(19291,111252)
(13216,111256)
(10389,111259)
(15062,111260)
(18960,111264)
(2054,111278)
(18838,111298)
(4617,111300)
(16393,111322)
(18523,111336)
(6997,111344)
(5226,111353)
(13707,111357)
(5925,111360)
(14357,111390)
(11179,111421)
(15518,111426)
(5973,111436)
(17181,111461)
(13255,111485)
(12872,111524)
(13470,111529)
(5746,111535)
(13904,111544)
(15740,111598)
(9137,111608)
(17929,111621)
(2546,111629)
(483,111650)
(15303,111675)
(15864,111678)
(11170,111708)
(3305,111720)
(1122,111754)
(8412,111766)
(4701,111818)
(1169,111831)
(18255,111839)
(896,111850)
(14162,111870)
(204,111879)
(12326,111880)
(6181,111892)
(11944,111898)
(13920,111914)
(8496,111988)
(13199,111992)
(12699,111999)
(5448,112048)
(13429,112051)
(8081,112071)
(9723,112072)
(3601,112076)
(18850,112077)
(3020,112085)
(12023,112095)
(13034,112097)
(2238,112120)
(6140,112139)
(19214,112149)
(13537,112201)
(7723,112202)
(5512,112218)
(4172,112220)
(4225,112250)
(19213,112251)
(6705,112259)
(4576,112277)
(18016,112281)
(11095,112282)
(19942,112285)
(11458,112287)
(3975,112300)
(12593,112303)
(2400,112311)
(10211,112321)
(4383,112371)
(3329,112378)
(9667,112380)
(8297,112390)
(1192,112403)
(19332,112406)
(11979,112418)
(15222,112420)
(16776,112423)
(14734,112424)
(10993,112434)
(15376,112439)
(5716,112458)
(2808,112459)
(948,112465)
(13166,112470)
(3829,112473)
(15378,112478)
(8865,112508)
(2059,112518)
(19419,112522)
(16364,112523)
(14235,112531)
(19559,112534)
(19662,112538)
(18222,112557)
(17809,112560)
(8784,112570)
(14648,112572)
(12719,112574)
(6773,112575)
(12011,112578)
(13820,112583)
(16005,112587)
(9250,112588)
(8499,112589)
(15241,112590)
(3401,112594)
(1960,112598)
(8482,112600)
(10303,112602)
(1761,112603)
(18988,112606)
(11477,112609)
(9216,112610)
(294,112611)
(18932,112612)
(0,0,0)

(10531,12,50)
(10531,212882)
(15665,9950,13500)
(2495,3005,14000)
(15665,9950,13500)
(18067,9955,14000)
(2495,9960,14000)
(15665,340495)
(18067,341495)
(2495,341500)
(19249,500,37000)
(16564,573500)
(19249,583500)
(4083,647550)
(4441,674550)
(7496,2000,3700)
(14345,2005,2500)
(7496,2010,3700)
(5489,2015,3500)
(7496,2020,4000),(14345,2020,3500)
(14345,912485)
(17421,916485)
(5489,916490)
(7496,916895)
(1533,917200)
